,0,1,2,3,4,5,6,7,8,9,10,11,12,13,14,15,16,17,18,19,20,21,22,23,24,25,26,27,28,29,30,31,32,33,34,35,36,37,38,39,40,41,42,43,44,45,46,47,48,49,50,51,52,53,54,55,56,57,58,59,60,61,62,63,64,65,66,67,68,69
0,0.0,1782.4,1921.1,245.2,1469.9,1622.7,1324.8,1440.9,1217.2,1525.5,1491.4,1140.3,1205.1,1705.8,1778.9,1810.9,1657.1,1731.9,1805.0,1763.7,1682.5,1652.5,1358.5,1394.8,1224.0,1180.1,1594.0,1074.1,1411.2,1364.4,1340.3,1677.6,1522.0,1505.8,1687.2,1701.9,1477.7,1655.9,1838.1,1596.7,1772.2,1481.9,1322.1,1267.2,1246.6,1280.0,1813.3,1317.3,1838.9,1157.1,1869.3,1784.6,1352.2,1692.6,1871.5,1340.7,1105.1,1771.0,1546.0,1180.3,1493.0,1351.2,1326.9,1485.1,1460.4,1538.7,1674.1,1422.6,1639.0,1371.1
1,1782.4,0.0,349.0,1823.1,1067.9,1204.0,786.6,780.5,917.8,671.2,769.9,838.0,870.1,836.6,1360.2,512.2,1238.4,567.9,1401.3,1374.3,1268.1,1239.3,993.0,807.6,902.0,858.1,1130.0,830.6,996.8,999.4,921.6,1610.5,434.9,1087.1,1272.8,1185.9,558.1,641.6,1324.7,528.3,366.5,1063.2,584.6,609.5,697.5,851.3,297.9,939.7,1389.4,833.2,185.5,1224.8,933.5,240.8,400.6,922.0,1484.0,1352.3,591.7,828.8,1074.3,779.0,887.6,1037.0,1015.3,307.1,676.2,693.2,598.9,699.0
2,1921.1,349.0,0.0,1963.2,1208.0,1344.1,834.3,828.2,965.5,718.9,817.6,978.1,1010.2,979.5,1500.3,622.8,1378.5,615.6,1449.0,1431.2,1408.2,1366.6,1109.3,855.3,1028.9,998.2,1177.7,970.7,1136.9,1107.1,1061.7,1750.6,575.0,1227.2,1323.3,1233.6,698.2,689.3,1372.4,668.4,505.3,1203.3,724.7,749.6,837.6,963.2,450.2,1079.8,1437.1,973.3,328.4,1272.5,1073.6,404.8,448.3,1062.1,1624.1,1492.4,731.8,968.9,1214.4,919.1,935.3,1084.7,1063.0,447.2,723.9,833.3,646.6,839.1
3,245.2,1823.1,1963.2,0.0,1224.7,1377.5,1079.6,1195.7,972.0,1280.3,1246.2,895.1,959.9,1460.6,1533.7,1565.7,1411.9,1486.7,1559.8,1518.5,1437.3,1407.3,1113.3,1149.6,978.8,934.9,1348.8,828.9,1166.0,1119.2,1095.1,1432.4,1276.8,1260.6,1442.0,1456.7,1232.5,1410.7,1592.9,1351.5,1527.0,1236.7,1076.9,1022.0,1001.4,1034.8,1568.1,1072.1,1593.7,911.9,1624.1,1539.4,1107.0,1447.4,1626.3,1095.5,859.9,1525.8,1300.8,935.1,1247.8,1106.0,1081.7,1239.9,1215.2,1293.5,1428.9,1177.4,1393.8,1125.9
4,1469.9,1067.9,1208.0,1224.7,0.0,550.0,609.1,679.6,487.4,659.9,782.0,520.9,346.5,1009.5,674.6,1071.5,600.4,869.5,531.0,442.8,334.3,233.2,226.4,377.2,355.6,311.7,189.2,407.4,193.6,297.2,249.9,865.6,825.7,457.8,269.3,297.2,781.4,940.8,465.2,900.4,991.6,393.0,625.8,570.9,629.5,589.5,1040.6,245.3,610.0,518.0,1173.0,366.7,239.1,996.3,1005.9,251.8,1118.9,732.6,849.7,563.2,454.6,675.7,560.4,254.4,260.8,842.4,817.7,726.3,828.1,674.8
5,1622.7,1204.0,1344.1,1377.5,550.0,0.0,896.8,1012.8,813.4,1017.9,948.5,719.6,564.3,1162.9,375.1,1268.0,190.7,1189.0,247.0,208.2,258.5,386.2,653.6,760.2,698.9,655.0,561.9,669.4,362.6,700.9,454.1,488.5,979.1,210.5,434.0,508.4,934.8,1113.0,321.4,1053.8,1229.3,339.6,779.2,724.3,782.9,851.8,1270.4,450.5,402.9,676.0,1326.4,426.1,444.3,1149.7,1388.9,419.0,1314.8,370.6,1003.1,716.6,216.2,885.5,921.6,742.8,726.0,995.8,1131.2,879.7,1096.1,828.2
6,1324.8,786.6,834.3,1079.6,609.1,896.8,0.0,201.3,180.9,305.5,366.4,265.3,441.1,951.3,927.7,720.6,890.3,484.6,875.0,857.2,812.8,718.7,387.7,276.2,310.2,326.6,481.9,310.1,647.2,390.0,573.5,1262.4,654.5,739.0,675.4,588.4,576.3,525.2,798.4,611.9,640.7,715.1,561.6,506.7,426.8,301.4,689.7,553.3,863.1,396.5,886.7,685.2,585.4,798.6,655.0,573.9,980.4,1004.2,741.8,334.1,726.2,404.9,203.2,366.5,341.8,781.0,426.8,485.6,429.9,526.2
7,1440.9,780.5,828.2,1195.7,679.6,1012.8,201.3,0.0,311.7,206.2,250.5,336.3,562.5,869.5,978.0,651.3,930.8,390.1,925.3,907.5,924.3,842.9,518.5,331.6,441.0,457.4,612.7,440.9,689.2,520.8,614.0,1302.9,538.2,779.5,799.6,709.9,460.0,408.9,848.7,497.6,578.1,755.6,445.3,390.4,336.1,199.3,642.4,632.1,913.4,525.6,839.4,748.8,625.9,751.3,607.7,614.4,1105.5,1044.7,625.5,389.3,766.7,288.6,334.0,497.3,472.6,684.2,332.3,369.3,328.4,409.9
8,1217.2,917.8,965.5,972.0,487.4,813.4,180.9,311.7,0.0,338.7,401.0,253.6,407.5,939.6,913.5,750.3,878.6,519.2,860.8,843.0,798.6,704.5,373.5,262.0,284.2,293.8,467.7,276.5,613.6,375.8,561.8,1250.7,689.8,727.3,661.2,574.2,611.0,560.5,784.2,641.6,670.4,703.4,555.9,501.0,415.1,310.7,719.4,519.7,848.9,362.9,916.4,671.0,573.7,828.3,684.7,562.2,947.9,990.6,760.3,322.4,714.5,396.9,189.0,352.3,327.6,772.5,461.4,520.3,464.5,532.1
9,1525.5,671.2,718.9,1280.3,659.9,1017.9,305.5,206.2,338.7,0.0,191.5,442.7,610.2,811.5,989.6,546.2,993.1,285.0,936.9,919.1,935.9,854.5,563.4,343.2,485.9,496.5,657.6,479.2,751.5,565.7,676.3,1355.7,487.4,841.8,811.2,721.5,402.0,358.1,860.3,446.8,473.0,817.9,387.3,332.4,370.9,299.4,530.0,694.4,925.0,565.6,727.0,760.4,688.2,638.9,495.3,676.7,1150.6,1066.7,574.7,496.1,829.0,281.5,378.9,542.2,517.5,612.4,227.2,311.3,237.6,351.9
10,1491.4,769.9,817.6,1246.2,782.0,948.5,366.4,250.5,401.0,191.5,0.0,417.9,537.9,724.6,1028.0,533.6,906.2,272.4,981.3,963.5,935.9,898.9,616.2,387.6,538.7,525.9,710.0,498.4,664.6,618.5,589.4,1278.3,400.5,754.9,855.6,765.9,315.1,271.2,904.7,359.9,460.4,731.0,300.4,245.5,308.2,284.4,524.7,607.5,969.4,501.0,721.7,804.8,601.3,633.6,490.0,589.8,1151.8,1020.1,487.8,455.9,742.1,194.6,431.7,595.0,570.3,546.5,214.6,224.4,218.0,265.0
11,1140.3,838.0,978.1,895.1,520.9,719.6,265.3,336.3,253.6,442.7,417.9,0.0,328.1,825.3,886.1,878.7,764.3,649.2,922.7,834.5,726.0,681.4,387.4,411.5,251.0,207.1,617.2,197.1,522.7,393.3,447.5,1136.4,579.0,613.0,717.5,723.7,441.2,624.6,907.8,711.7,798.8,589.1,407.6,352.7,256.8,181.4,847.8,440.3,946.1,283.5,988.8,814.9,459.4,812.1,813.1,447.9,854.4,878.2,601.7,182.3,600.2,265.4,338.5,501.8,477.1,658.2,591.4,391.3,594.5,373.5
12,1205.1,870.1,1010.2,959.9,346.5,564.3,441.1,562.5,407.5,610.2,537.9,328.1,0.0,783.6,624.8,888.7,503.0,809.7,677.7,638.9,532.7,503.9,216.8,344.7,232.1,188.2,451.4,202.6,261.4,223.2,186.2,875.1,599.8,351.7,537.4,559.3,555.5,733.7,713.9,674.5,850.0,327.8,399.9,345.0,381.5,450.4,891.1,182.2,684.8,237.1,947.1,634.8,183.3,770.4,973.4,186.6,860.6,616.9,623.8,315.2,338.9,506.2,455.4,362.1,337.4,616.5,751.9,500.4,716.8,448.9
13,1705.8,836.6,979.5,1460.6,1009.5,1162.9,951.3,869.5,939.6,811.5,724.6,825.3,783.6,0.0,1341.9,710.9,1220.1,682.2,1394.8,1356.0,1249.8,1221.0,974.7,1038.1,883.7,839.8,1179.3,812.3,978.5,981.1,903.3,1592.2,452.3,1068.8,1254.5,1280.1,505.0,612.1,1431.0,608.8,672.2,1044.9,566.3,591.2,679.2,833.0,694.4,921.4,1401.9,814.9,881.4,1351.9,915.2,672.8,856.1,903.7,183.4,1334.0,456.8,810.5,1056.0,760.7,1060.5,1120.0,1095.3,581.2,777.1,669.7,656.2,617.2
14,1778.9,1360.2,1500.3,1533.7,674.6,375.1,927.7,978.0,913.5,989.6,1028.0,886.1,624.8,1341.9,0.0,1424.3,196.3,1222.3,200.4,296.6,425.4,494.7,764.4,730.0,872.7,828.8,583.2,843.2,692.4,837.6,647.0,578.2,1152.9,541.7,516.3,494.0,1108.6,1286.8,362.6,1227.6,1344.4,583.6,953.0,898.1,956.7,1025.6,1393.4,734.6,190.1,849.8,1500.2,395.9,728.4,1323.5,1358.7,598.6,1500.2,188.0,1176.9,890.4,537.8,1059.3,917.8,712.6,695.8,1169.6,1170.5,1053.5,1180.9,1002.0
15,1810.9,512.2,622.8,1565.7,1071.5,1268.0,720.6,651.3,750.3,546.2,533.6,878.7,888.7,710.9,1424.3,0.0,1273.4,318.1,1284.7,1266.9,1283.7,1202.3,945.0,691.0,864.6,886.4,1013.4,865.6,1031.8,942.8,956.6,1645.5,453.4,1122.1,1159.0,1069.3,515.1,399.0,1208.1,275.1,199.9,1098.2,619.6,644.5,732.5,775.6,334.9,974.7,1272.8,868.2,665.0,1108.2,968.5,510.6,404.0,957.0,1519.0,1387.3,552.0,863.8,1109.3,685.8,771.0,920.4,898.7,347.7,402.6,560.2,356.3,648.7
16,1657.1,1238.4,1378.5,1411.9,600.4,190.7,890.3,930.8,878.6,993.1,906.2,764.3,503.0,1220.1,196.3,1273.4,0.0,1166.5,192.7,217.6,287.4,462.1,645.3,722.3,676.4,632.5,575.5,646.9,518.6,697.4,450.7,452.0,956.6,345.4,495.4,486.3,912.3,1090.5,330.8,1031.3,1206.8,387.3,756.7,701.8,760.4,829.3,1247.9,538.3,243.4,653.5,1303.9,388.2,532.1,1127.2,1351.0,402.3,1303.9,182.5,980.6,694.1,341.5,863.0,899.1,704.9,688.1,973.3,1108.7,857.2,1073.6,805.7
17,1731.9,567.9,615.6,1486.7,869.5,1189.0,484.6,390.1,519.2,285.0,272.4,649.2,809.7,682.2,1222.3,318.1,1166.5,0.0,1146.6,1128.8,1145.6,1064.2,806.9,552.9,726.5,748.3,875.3,748.9,923.3,804.7,848.1,1537.0,326.6,1013.6,1020.9,931.2,377.0,260.9,1070.0,264.4,242.2,989.7,511.1,536.0,624.0,621.7,381.9,866.2,1134.7,759.7,692.6,970.1,860.0,557.6,446.3,848.5,1410.5,1276.4,413.9,755.3,1000.8,547.7,632.9,782.3,760.6,394.7,189.2,422.1,218.2,510.6
18,1805.0,1401.3,1449.0,1559.8,531.0,247.0,875.0,925.3,860.8,936.9,981.3,922.7,677.7,1394.8,200.4,1284.7,192.7,1146.6,0.0,183.9,312.7,382.0,651.7,631.4,781.2,737.3,484.6,751.7,579.7,724.9,555.5,469.0,1061.4,450.2,403.6,395.4,1017.1,1195.0,249.9,1136.1,1245.8,492.1,861.5,806.6,865.2,934.1,1294.8,643.1,184.2,758.3,1408.7,297.3,636.9,1232.0,1260.1,507.1,1408.7,224.6,1085.4,798.9,446.3,967.8,819.2,614.0,597.2,1078.1,1071.9,962.0,1082.3,910.5
19,1763.7,1374.3,1431.2,1518.5,442.8,208.2,857.2,907.5,843.0,919.1,963.5,834.5,638.9,1356.0,296.6,1266.9,217.6,1128.8,183.9,0.0,237.3,312.4,582.1,614.3,728.0,749.7,461.6,787.7,493.9,655.3,591.5,502.3,1097.4,386.1,334.0,372.4,1053.1,1177.9,180.3,1172.1,1228.7,492.5,897.5,842.6,901.2,970.1,1277.7,615.8,246.4,794.3,1444.7,280.2,609.6,1268.0,1243.0,543.1,1444.7,312.8,1121.4,834.9,369.1,1003.8,802.1,596.9,580.1,1114.1,1054.8,998.0,1065.2,946.5
20,1682.5,1268.1,1408.2,1437.3,334.3,258.5,812.8,924.3,798.6,935.9,935.9,726.0,532.7,1249.8,425.4,1283.7,287.4,1145.6,312.7,237.3,0.0,255.9,546.6,640.0,653.4,609.5,429.0,659.8,353.7,605.6,479.2,563.2,1048.0,246.2,301.1,359.9,1003.7,1181.9,187.9,1122.7,1254.4,393.3,848.1,793.2,851.8,892.3,1303.4,475.6,354.9,744.9,1395.3,305.9,469.4,1218.6,1268.7,444.1,1371.3,421.3,1072.0,785.5,315.7,954.4,827.8,622.6,605.8,1064.7,1080.5,948.6,1090.9,897.1
21,1652.5,1239.3,1366.6,1407.3,233.2,386.2,718.7,842.9,704.5,854.5,898.9,681.4,503.9,1221.0,494.7,1202.3,462.1,1064.2,382.0,312.4,255.9,0.0,400.2,584.4,507.0,463.1,311.4,507.8,201.7,459.2,327.2,655.3,903.0,247.5,194.8,261.7,858.7,1036.9,307.7,977.7,1153.2,243.7,703.1,648.2,706.8,745.9,1194.3,323.6,480.8,599.9,1250.3,291.9,317.4,1073.6,1213.1,292.1,1219.3,547.2,927.0,640.5,400.6,809.4,742.7,513.2,525.0,919.7,1024.9,803.6,1020.0,752.1
22,1358.5,993.0,1109.3,1113.3,226.4,653.6,387.7,518.5,373.5,563.4,616.2,387.4,216.8,974.7,764.4,945.0,645.3,806.9,651.7,582.1,546.6,400.2,0.0,287.8,241.9,198.0,317.7,293.7,315.2,183.5,318.3,987.2,757.7,483.8,397.8,425.7,713.4,851.4,593.7,832.4,902.2,459.9,557.8,502.9,548.7,475.8,951.2,227.4,717.1,404.3,1105.0,495.2,305.5,928.3,916.5,318.7,1005.2,749.0,781.7,465.6,471.0,562.0,434.0,239.2,211.9,774.4,728.3,658.3,738.7,606.8
23,1394.8,807.6,855.3,1149.6,377.2,760.2,276.2,331.6,262.0,343.2,387.6,411.5,344.7,1038.1,730.0,691.0,722.3,552.9,631.4,614.3,640.0,584.4,287.8,0.0,218.1,250.4,366.9,299.9,565.3,296.3,548.4,1057.0,647.8,713.9,512.5,422.8,607.5,563.6,561.6,585.6,614.4,690.0,592.8,537.9,559.7,419.3,663.4,473.3,626.3,420.2,860.4,461.7,545.5,772.3,628.7,548.8,1006.1,768.0,735.1,479.3,701.1,487.0,187.8,273.9,252.2,754.7,440.5,516.8,450.9,557.4
24,1224.0,902.0,1028.9,978.8,355.6,698.9,310.2,441.0,284.2,485.9,538.7,251.0,232.1,883.7,872.7,864.6,676.4,726.5,781.2,728.0,653.4,507.0,241.9,218.1,0.0,197.3,389.4,260.4,506.0,198.2,488.0,1176.9,772.5,653.5,517.6,495.9,732.2,688.3,698.4,710.3,739.1,629.6,597.9,543.0,519.1,432.4,788.1,412.1,763.1,380.5,985.1,592.7,485.1,897.0,753.4,488.4,965.5,904.8,821.8,433.2,640.7,518.6,245.2,274.0,249.3,814.5,565.2,641.5,575.6,642.9
25,1180.1,858.1,998.2,934.9,311.7,655.0,326.6,457.4,293.8,496.5,525.9,207.1,188.2,839.8,828.8,886.4,632.5,748.3,737.3,749.7,609.5,463.1,198.0,250.4,197.3,0.0,426.4,189.5,411.8,190.2,391.9,1080.8,685.3,557.4,514.4,534.3,641.0,723.9,710.3,754.2,783.0,533.5,485.4,430.5,455.0,360.8,832.0,317.9,807.0,309.8,1029.0,611.8,389.0,855.9,797.3,392.3,901.4,822.6,709.3,364.6,544.6,447.0,287.2,317.9,293.2,702.0,609.1,572.9,619.5,534.4
26,1594.0,1130.0,1177.7,1348.8,189.2,561.9,481.9,612.7,467.7,657.6,710.0,617.2,451.4,1179.3,583.2,1013.4,575.5,875.3,484.6,461.6,429.0,311.4,317.7,366.9,389.4,426.4,0.0,476.2,278.9,284.4,358.8,946.5,934.6,539.2,254.5,214.6,890.3,895.5,437.5,917.5,946.3,488.4,734.7,679.8,731.2,665.7,995.3,352.1,515.8,586.8,1192.3,311.4,345.9,1104.2,960.6,347.2,1187.7,657.5,958.6,648.1,550.0,751.9,507.8,201.8,215.5,951.3,772.4,835.2,782.8,783.7
27,1074.1,830.6,970.7,828.9,407.4,669.4,310.1,440.9,276.5,479.2,498.4,197.1,202.6,812.3,843.2,865.6,646.9,748.9,751.7,787.7,659.8,507.8,293.7,299.9,260.4,189.5,476.2,0.0,337.1,290.3,317.2,1006.1,609.1,482.7,613.1,627.8,557.6,735.8,789.6,683.8,845.2,458.8,409.2,354.3,330.4,315.2,894.2,243.2,815.8,182.3,956.4,710.5,314.3,779.7,859.5,317.6,773.5,747.9,633.1,233.9,469.9,386.4,321.3,420.0,395.3,625.8,671.3,502.5,681.7,443.6
28,1411.2,996.8,1136.9,1166.0,193.6,362.6,647.2,689.2,613.6,751.5,664.6,522.7,261.4,978.5,692.4,1031.8,518.6,923.3,579.7,493.9,353.7,201.7,315.2,565.3,506.0,411.8,278.9,337.1,0.0,417.3,231.3,718.2,807.1,273.5,276.0,301.6,762.8,941.0,452.5,881.8,1057.3,234.5,607.2,552.3,610.9,679.8,1098.4,227.7,626.2,504.0,1154.4,373.4,221.5,977.7,1189.3,196.2,1136.5,650.6,831.1,544.6,384.3,713.5,689.2,481.7,495.1,823.8,959.2,707.7,924.1,656.2
29,1364.4,999.4,1107.1,1119.2,297.2,700.9,390.0,520.8,375.8,565.7,618.5,393.3,223.2,981.1,837.6,942.8,697.4,804.7,724.9,655.3,605.6,459.2,183.5,296.3,198.2,190.2,284.4,290.3,417.3,0.0,369.0,1057.9,703.9,534.5,466.1,455.9,659.6,745.4,649.1,768.6,797.4,510.6,504.0,449.1,478.8,392.1,846.4,300.7,757.7,339.6,1043.4,544.5,366.1,874.5,811.7,369.4,925.2,799.7,727.9,392.6,521.7,478.3,308.7,258.5,233.8,720.6,623.5,604.2,633.9,553.0
30,1340.3,921.6,1061.7,1095.1,249.9,454.1,573.5,614.0,561.8,676.3,589.4,447.5,186.2,903.3,647.0,956.6,450.7,848.1,555.5,591.5,479.2,327.2,318.3,548.4,488.0,391.9,358.8,317.2,231.3,369.0,0.0,926.4,626.9,403.0,584.9,612.8,582.6,760.8,765.2,701.6,877.1,379.1,427.0,372.1,430.7,499.6,918.2,235.4,736.1,323.8,974.2,682.3,234.6,797.5,1057.3,237.9,957.8,668.2,650.9,364.4,390.2,533.3,552.6,438.3,413.6,643.6,779.0,527.5,743.9,476.0
31,1677.6,1610.5,1750.6,1432.4,865.6,488.5,1262.4,1302.9,1250.7,1355.7,1278.3,1136.4,875.1,1592.2,578.2,1645.5,452.0,1537.0,469.0,502.3,563.2,655.3,987.2,1057.0,1176.9,1080.8,946.5,1006.1,718.2,1057.9,926.4,0.0,1020.8,251.4,415.6,483.4,976.5,1154.7,285.6,1095.5,1271.0,381.3,820.9,766.0,824.6,893.5,1312.1,496.1,429.1,717.7,1368.1,390.3,489.9,1191.4,1353.1,464.6,1356.5,396.8,1044.8,758.3,257.9,927.2,912.2,707.0,690.2,1037.5,1164.9,921.4,1137.8,869.9
32,1522.0,434.9,575.0,1276.8,825.7,979.1,654.5,538.2,689.8,487.4,400.5,579.0,599.8,452.3,1152.9,453.4,956.6,326.6,1061.4,1097.4,1048.0,903.0,757.7,647.8,772.5,685.3,934.6,609.1,807.1,703.9,626.9,1020.8,0.0,801.3,987.0,1012.6,233.2,286.8,1163.5,189.3,364.8,777.4,298.8,323.7,411.7,552.3,411.7,653.9,1134.4,547.4,542.8,1084.4,647.7,366.1,573.4,636.2,1198.2,1066.5,250.4,543.0,788.5,462.5,792.8,852.5,827.8,212.2,441.5,336.9,330.9,374.1
33,1505.8,1087.1,1227.2,1260.6,457.8,210.5,739.0,779.5,727.3,841.8,754.9,613.0,351.7,1068.8,541.7,1122.1,345.4,1013.6,450.2,386.1,246.2,247.5,483.8,713.9,653.5,557.4,539.2,482.7,273.5,534.5,403.0,251.4,801.3,0.0,345.6,422.2,807.3,985.5,372.4,926.3,1101.8,196.9,651.7,596.8,655.4,724.3,1142.9,366.4,545.0,548.5,1198.9,383.5,360.2,1022.2,1282.0,297.3,1198.9,509.6,875.6,589.1,184.8,758.0,794.1,675.3,683.4,868.3,1003.7,752.2,968.6,700.7
34,1687.2,1272.8,1323.3,1442.0,269.3,434.0,675.4,799.6,661.2,811.2,855.6,717.5,537.4,1254.5,516.3,1159.0,495.4,1020.9,403.6,334.0,301.1,194.8,397.8,512.5,517.6,514.4,254.5,613.1,276.0,466.1,584.9,415.6,987.0,345.6,0.0,192.7,902.0,1079.0,282.7,1021.0,1129.8,287.0,746.4,691.5,750.1,786.3,1178.8,366.9,440.7,643.2,1293.6,211.6,360.7,1116.9,1144.1,335.4,1262.6,580.9,970.3,683.8,440.8,852.7,703.2,444.2,457.8,963.0,955.9,846.9,966.3,795.4
35,1701.9,1185.9,1233.6,1456.7,297.2,508.4,588.4,709.9,574.2,721.5,765.9,723.7,559.3,1280.1,494.0,1069.3,486.3,931.2,395.4,372.4,359.9,261.7,425.7,422.8,495.9,534.3,214.6,627.8,301.6,455.9,612.8,483.4,1012.6,422.2,192.7,0.0,964.9,926.6,313.1,948.6,977.4,399.3,809.3,754.4,813.0,755.7,1026.4,429.8,423.9,676.8,1223.4,208.5,423.6,1135.3,991.7,398.3,1277.7,565.6,1033.2,738.1,568.5,841.9,550.8,291.8,305.4,1025.9,803.5,879.8,813.9,858.3
36,1477.7,558.1,698.2,1232.5,781.4,934.8,576.3,460.0,611.0,402.0,315.1,441.2,555.5,505.0,1108.6,515.1,912.3,377.0,1017.1,1053.1,1003.7,858.7,713.4,607.5,732.2,641.0,890.3,557.6,762.8,659.6,582.6,976.5,233.2,807.3,902.0,964.9,0.0,264.5,1149.8,279.5,430.6,763.7,258.3,304.3,367.0,396.4,515.2,640.2,1120.7,533.7,679.5,1070.7,634.0,502.8,614.4,622.5,1184.5,1052.8,210.1,514.7,774.8,310.0,750.4,838.8,814.1,348.9,356.3,199.9,312.0,207.0
37,1655.9,641.6,689.3,1410.7,940.8,1113.0,525.2,408.9,560.5,358.1,271.2,624.6,733.7,612.1,1286.8,399.0,1090.5,260.9,1195.0,1177.9,1181.9,1036.9,851.4,563.6,688.3,723.9,895.5,735.8,941.0,745.4,760.8,1154.7,286.8,985.5,1079.0,926.6,264.5,0.0,1122.2,183.3,341.8,901.4,422.8,436.7,499.4,467.7,422.1,777.9,1186.9,671.4,709.5,1022.3,771.7,532.8,525.6,760.2,1322.2,1190.5,325.6,647.1,912.5,377.9,663.9,827.2,802.5,369.9,241.1,252.3,205.9,374.0
38,1838.1,1324.7,1372.4,1592.9,465.2,321.4,798.4,848.7,784.2,860.3,904.7,907.8,713.9,1431.0,362.6,1208.1,330.8,1070.0,249.9,180.3,187.9,307.7,593.7,561.6,698.4,710.3,437.5,789.6,452.5,649.1,765.2,285.6,1163.5,372.4,282.7,313.1,1149.8,1122.2,0.0,1171.9,1200.7,534.3,939.3,884.4,943.0,1005.6,1249.7,619.5,215.3,836.1,1446.7,252.2,613.3,1309.8,1215.0,584.9,1486.5,357.0,1163.2,876.7,410.9,1045.6,774.1,568.9,552.1,1155.9,1026.8,1039.8,1037.2,988.3
39,1596.7,528.3,668.4,1351.5,900.4,1053.8,611.9,497.6,641.6,446.8,359.9,711.7,674.5,608.8,1227.6,275.1,1031.3,264.4,1136.1,1172.1,1122.7,977.7,832.4,585.6,710.3,754.2,917.5,683.8,881.8,768.6,701.6,1095.5,189.3,926.3,1021.0,948.6,279.5,183.3,1171.9,0.0,199.3,924.4,445.8,470.7,558.7,564.9,256.9,800.9,1188.8,694.4,559.2,1024.2,794.7,382.5,423.2,783.2,1345.2,1213.5,348.6,690.0,935.5,475.1,687.0,836.4,814.7,219.6,352.3,349.5,225.1,445.3
40,1772.2,366.5,505.3,1527.0,991.6,1229.3,640.7,578.1,670.4,473.0,460.4,798.8,850.0,672.2,1344.4,199.9,1206.8,242.2,1245.8,1228.7,1254.4,1153.2,902.2,614.4,739.1,783.0,946.3,845.2,1057.3,797.4,877.1,1271.0,364.8,1101.8,1129.8,977.4,430.6,341.8,1200.7,199.3,0.0,1003.0,524.4,549.3,637.3,673.0,195.9,879.5,1170.2,773.0,538.8,1005.6,873.3,378.0,280.6,861.8,1423.8,1292.1,449.4,768.6,1014.1,583.2,668.4,817.8,796.1,251.6,328.6,457.6,253.7,546.1
41,1481.9,1063.2,1203.3,1236.7,393.0,339.6,715.1,755.6,703.4,817.9,731.0,589.1,327.8,1044.9,583.6,1098.2,387.3,989.7,492.1,492.5,393.3,243.7,459.9,690.0,629.6,533.5,488.4,458.8,234.5,510.6,379.1,381.3,777.4,196.9,287.0,399.3,763.7,901.4,534.3,924.4,1003.0,0.0,611.0,556.1,614.7,683.6,1102.2,322.7,541.7,507.8,1158.2,476.8,316.5,981.5,1241.3,186.7,1158.2,473.8,834.9,548.4,182.8,717.3,753.4,651.5,647.5,827.6,963.0,711.5,927.9,660.0
42,1322.1,584.6,724.7,1076.9,625.8,779.2,561.6,445.3,555.9,387.3,300.4,407.6,399.9,566.3,953.0,619.6,756.7,511.1,861.5,897.5,848.1,703.1,557.8,592.8,597.9,485.4,734.7,409.2,607.2,504.0,427.0,820.9,298.8,651.7,746.4,809.3,258.3,422.8,939.3,445.8,524.4,611.0,0.0,223.1,278.4,397.6,608.1,559.6,1040.1,453.1,761.0,990.1,553.4,584.3,767.3,541.9,1103.9,972.2,223.9,426.1,694.2,332.7,698.7,758.2,733.5,430.4,477.9,282.7,442.7,214.7
43,1267.2,609.5,749.6,1022.0,570.9,724.3,506.7,390.4,501.0,332.4,245.5,352.7,345.0,591.2,898.1,644.5,701.8,536.0,806.6,842.6,793.2,648.2,502.9,537.9,543.0,430.5,679.8,354.3,552.3,449.1,372.1,766.0,323.7,596.8,691.5,754.4,304.3,436.7,884.4,470.7,549.3,556.1,223.1,0.0,215.6,334.8,663.0,474.8,955.3,368.3,795.7,905.3,468.6,619.0,799.0,457.1,1019.1,887.4,278.8,363.3,609.4,269.9,613.9,673.4,648.7,465.1,515.6,263.0,480.5,190.0
44,1246.6,697.5,837.6,1001.4,629.5,782.9,426.8,336.1,415.1,370.9,308.2,256.8,381.5,679.2,956.7,732.5,760.4,624.0,865.2,901.2,851.8,706.8,548.7,559.7,519.1,455.0,731.2,330.4,610.9,478.8,430.7,824.6,411.7,655.4,750.1,813.0,367.0,499.4,943.0,558.7,637.3,614.7,278.4,215.6,0.0,220.1,690.5,443.1,923.6,336.6,746.5,873.6,436.9,569.8,793.0,425.4,968.9,855.7,374.7,248.6,577.7,185.8,565.1,641.7,617.0,415.9,509.6,258.1,474.5,206.6
45,1280.0,851.3,963.2,1034.8,589.5,851.8,301.4,199.3,310.7,299.4,284.4,181.4,450.4,833.0,1025.6,775.6,829.3,621.7,934.1,970.1,892.3,745.9,475.8,419.3,432.4,360.8,665.7,315.2,679.8,392.1,499.6,893.5,552.3,724.3,786.3,755.7,396.4,467.7,1005.6,564.9,673.0,683.6,397.6,334.8,220.1,0.0,824.7,503.3,983.8,361.3,971.3,843.2,497.1,794.6,790.0,485.6,924.2,915.9,569.7,203.9,637.9,184.8,370.2,533.5,508.8,640.7,556.5,310.7,527.1,341.5
46,1813.3,297.9,450.2,1568.1,1040.6,1270.4,689.7,642.4,719.4,530.0,524.7,847.8,891.1,694.4,1393.4,334.9,1247.9,381.9,1294.8,1277.7,1303.4,1194.3,951.2,663.4,788.1,832.0,995.3,894.2,1098.4,846.4,918.2,1312.1,411.7,1142.9,1178.8,1026.4,515.2,422.1,1249.7,256.9,195.9,1102.2,608.1,663.0,690.5,824.7,0.0,894.7,1306.0,788.2,500.9,1141.4,888.5,237.4,229.8,877.0,1439.0,1307.3,453.9,783.8,1029.3,675.7,804.2,953.6,931.9,218.4,464.4,550.1,370.4,614.3
47,1317.3,939.7,1079.8,1072.1,245.3,450.5,553.3,632.1,519.7,694.4,607.5,440.3,182.2,921.4,734.6,974.7,538.3,866.2,643.1,615.8,475.6,323.6,227.4,473.3,412.1,317.9,352.1,243.2,227.7,300.7,235.4,496.1,653.9,366.4,366.9,429.8,640.2,777.9,619.5,800.9,879.5,322.7,559.6,474.8,443.1,503.3,894.7,0.0,685.5,285.3,973.6,604.0,184.0,796.9,1032.2,187.3,908.8,617.6,650.3,363.4,339.6,532.7,503.6,374.1,364.6,643.0,778.4,526.9,743.3,475.4
48,1838.9,1389.4,1437.1,1593.7,610.0,402.9,863.1,913.4,848.9,925.0,969.4,946.1,684.8,1401.9,190.1,1272.8,243.4,1134.7,184.2,246.4,354.9,480.8,717.1,626.3,763.1,807.0,515.8,815.8,626.2,757.7,736.1,429.1,1134.4,545.0,440.7,423.9,1120.7,1186.9,215.3,1188.8,1170.2,541.7,1040.1,955.3,923.6,983.8,1306.0,685.5,0.0,835.4,1485.7,291.2,714.0,1309.1,1254.0,584.2,1485.8,198.4,1162.5,876.0,523.4,1044.9,813.1,607.9,591.1,1155.2,1065.8,1039.1,1076.2,987.6
49,1157.1,833.2,973.3,911.9,518.0,676.0,396.5,525.6,362.9,565.6,501.0,283.5,237.1,814.9,849.8,868.2,653.5,759.7,758.3,794.3,744.9,599.9,404.3,420.2,380.5,309.8,586.8,182.3,504.0,339.6,323.8,717.7,547.4,548.5,643.2,676.8,533.7,671.4,836.1,694.4,773.0,507.8,453.1,368.3,336.6,361.3,788.2,285.3,835.4,0.0,876.7,773.9,362.5,700.0,868.0,351.0,728.6,781.3,553.4,183.2,503.3,384.1,323.4,481.6,456.9,546.1,679.8,430.0,646.4,378.5
50,1869.3,185.5,328.4,1624.1,1173.0,1326.4,886.7,839.4,916.4,727.0,721.7,988.8,947.1,881.4,1500.2,665.0,1303.9,692.6,1408.7,1444.7,1395.3,1250.3,1105.0,860.4,985.1,1029.0,1192.3,956.4,1154.4,1043.4,974.2,1368.1,542.8,1198.9,1293.6,1223.4,679.5,709.5,1446.7,559.2,538.8,1158.2,761.0,795.7,746.5,971.3,500.9,973.6,1485.7,876.7,0.0,1306.9,1049.8,415.8,482.7,1038.3,1600.3,1468.6,686.9,945.1,1190.6,895.3,969.7,1119.1,1097.4,423.4,758.3,809.5,681.0,815.3
51,1784.6,1224.8,1272.5,1539.4,366.7,426.1,685.2,748.8,671.0,760.4,804.8,814.9,634.8,1351.9,395.9,1108.2,388.2,970.1,297.3,280.2,305.9,291.9,495.2,461.7,592.7,611.8,311.4,710.5,373.4,544.5,682.3,390.3,1084.4,383.5,211.6,208.5,1070.7,1022.3,252.2,1024.2,1005.6,476.8,990.1,905.3,873.6,843.2,1141.4,604.0,291.2,773.9,1306.9,0.0,498.4,1168.7,1025.1,473.1,1377.8,458.4,1108.0,821.5,533.4,883.4,584.2,379.0,362.2,1100.7,836.9,913.2,847.3,933.1
52,1352.2,933.5,1073.6,1107.0,239.1,444.3,585.4,625.9,573.7,688.2,601.3,459.4,183.3,915.2,728.4,968.5,532.1,860.0,636.9,609.6,469.4,317.4,305.5,545.5,485.1,389.0,345.9,314.3,221.5,366.1,234.6,489.9,647.7,360.2,360.7,423.6,634.0,771.7,613.3,794.7,873.3,316.5,553.4,468.6,436.9,497.1,888.5,184.0,714.0,362.5,1049.8,498.4,0.0,923.7,1064.5,218.8,999.9,681.7,777.1,460.3,403.7,612.8,549.4,341.7,348.1,769.8,876.3,653.7,870.1,602.2
53,1692.6,240.8,404.8,1447.4,996.3,1149.7,798.6,751.3,828.3,638.9,633.6,812.1,770.4,672.8,1323.5,510.6,1127.2,557.6,1232.0,1268.0,1218.6,1073.6,928.3,772.3,897.0,855.9,1104.2,779.7,977.7,874.5,797.5,1191.4,366.1,1022.2,1116.9,1135.3,502.8,532.8,1309.8,382.5,378.0,981.5,584.3,619.0,569.8,794.6,237.4,796.9,1309.1,700.0,415.8,1168.7,923.7,0.0,235.1,955.2,1517.2,1385.5,624.9,862.0,1107.5,771.0,759.0,908.4,886.7,340.3,547.6,674.2,470.3,732.2
54,1871.5,400.6,448.3,1626.3,1005.9,1388.9,655.0,607.7,684.7,495.3,490.0,813.1,973.4,856.1,1358.7,404.0,1351.0,446.3,1260.1,1243.0,1268.7,1213.1,916.5,628.7,753.4,797.3,960.6,859.5,1189.3,811.7,1057.3,1353.1,573.4,1282.0,1144.1,991.7,614.4,525.6,1215.0,423.2,280.6,1241.3,767.3,799.0,793.0,790.0,229.8,1032.2,1254.0,868.0,482.7,1025.1,1064.5,235.1,0.0,822.9,1384.9,1253.2,492.6,729.7,975.2,679.9,942.4,1039.2,1014.5,208.0,648.9,594.1,555.8,599.9
55,1340.7,922.0,1062.1,1095.5,251.8,419.0,573.9,614.4,562.2,676.7,589.8,447.9,186.6,903.7,598.6,957.0,402.3,848.5,507.1,543.1,444.1,292.1,318.7,548.8,488.4,392.3,347.2,317.6,196.2,369.4,237.9,464.6,636.2,297.3,335.4,398.3,622.5,760.2,584.9,783.2,861.8,186.7,541.9,457.1,425.4,485.6,877.0,187.3,584.2,351.0,1038.3,473.1,218.8,955.2,822.9,0.0,1038.7,480.8,715.4,428.9,202.8,597.8,633.9,532.0,528.0,708.1,843.5,592.0,808.4,540.5
56,1105.1,1484.0,1624.1,859.9,1118.9,1314.8,980.4,1105.5,947.9,1150.6,1151.8,854.4,860.6,183.4,1500.2,1519.0,1303.9,1410.5,1408.7,1444.7,1371.3,1219.3,1005.2,1006.1,965.5,901.4,1187.7,773.5,1136.5,925.2,957.8,1356.5,1198.2,1198.9,1262.6,1277.7,1184.5,1322.2,1486.5,1345.2,1423.8,1158.2,1103.9,1019.1,968.9,924.2,1439.0,908.8,1485.8,728.6,1600.3,1377.8,999.9,1517.2,1384.9,1038.7,0.0,1391.7,1166.7,801.0,1113.7,971.9,947.6,1105.8,1081.1,1159.4,1294.8,1043.3,1259.7,991.8
57,1771.0,1352.3,1492.4,1525.8,732.6,370.6,1004.2,1044.7,990.6,1066.7,1020.1,878.2,616.9,1334.0,188.0,1387.3,182.5,1276.4,224.6,312.8,421.3,547.2,749.0,768.0,904.8,822.6,657.5,747.9,650.6,799.7,668.2,396.8,1066.5,509.6,580.9,565.6,1052.8,1190.5,357.0,1213.5,1292.1,473.8,972.2,887.4,855.7,915.9,1307.3,617.6,198.4,781.3,1468.6,458.4,681.7,1385.5,1253.2,480.8,1391.7,0.0,1116.1,829.6,477.0,998.5,930.3,725.1,708.3,1108.8,1183.0,992.7,1193.4,941.2
58,1546.0,591.7,731.8,1300.8,849.7,1003.1,741.8,625.5,760.3,574.7,487.8,601.7,623.8,456.8,1176.9,552.0,980.6,413.9,1085.4,1121.4,1072.0,927.0,781.7,735.1,821.8,709.3,958.6,633.1,831.1,727.9,650.9,1044.8,250.4,875.6,970.3,1033.2,210.1,325.6,1163.2,348.6,449.4,834.9,223.9,278.8,374.7,569.7,453.9,650.3,1162.5,553.4,686.9,1108.0,777.1,624.9,492.6,715.4,1166.7,1116.1,0.0,450.5,696.0,400.7,700.5,760.0,735.3,211.7,423.5,316.1,302.6,271.0
59,1180.3,828.8,968.9,935.1,563.2,716.6,334.1,389.3,322.4,496.1,455.9,182.3,315.2,810.5,890.4,863.8,694.1,755.3,798.9,834.9,785.5,640.5,465.6,479.3,433.2,364.6,648.1,233.9,544.6,392.6,364.4,758.3,543.0,589.1,683.8,738.1,514.7,647.1,876.7,690.0,768.6,548.4,426.1,363.3,248.6,203.9,783.8,363.4,876.0,183.2,945.1,821.5,460.3,862.0,729.7,428.9,801.0,829.6,450.5,0.0,578.6,257.6,361.3,524.6,499.9,614.7,614.2,373.7,590.1,314.8
60,1493.0,1074.3,1214.4,1247.8,454.6,216.2,726.2,766.7,714.5,829.0,742.1,600.2,338.9,1056.0,537.8,1109.3,341.5,1000.8,446.3,369.1,315.7,400.6,471.0,701.1,640.7,544.6,550.0,469.9,384.3,521.7,390.2,257.9,788.5,184.8,440.8,568.5,774.8,912.5,410.9,935.5,1014.1,182.8,694.2,609.4,577.7,637.9,1029.3,339.6,523.4,503.3,1190.6,533.4,403.7,1107.5,975.2,202.8,1113.7,477.0,696.0,578.6,0.0,727.7,763.8,701.0,676.3,838.0,973.4,721.9,938.3,670.4
61,1351.2,779.0,919.1,1106.0,675.7,885.5,404.9,288.6,396.9,281.5,194.6,265.4,506.2,760.7,1059.3,685.8,863.0,547.7,967.8,1003.8,954.4,809.4,562.0,487.0,518.6,447.0,751.9,386.4,713.5,478.3,533.3,927.2,462.5,758.0,852.7,841.9,310.0,377.9,1045.6,475.1,583.2,717.3,332.7,269.9,185.8,184.8,675.7,532.7,1044.9,384.1,895.3,883.4,612.8,771.0,679.9,597.8,971.9,998.5,400.7,257.6,727.7,0.0,460.0,623.3,598.6,539.8,430.5,209.7,423.8,240.4
62,1326.9,887.6,935.3,1081.7,560.4,921.6,203.2,334.0,189.0,378.9,431.7,338.5,455.4,1060.5,917.8,771.0,899.1,632.9,819.2,802.1,827.8,742.7,434.0,187.8,245.2,287.2,507.8,321.3,689.2,308.7,552.6,912.2,792.8,794.1,703.2,550.8,750.4,663.9,774.1,687.0,668.4,753.4,698.7,613.9,565.1,370.2,804.2,503.6,813.1,323.4,969.7,584.2,549.4,759.0,942.4,633.9,947.6,930.3,700.5,361.3,763.8,460.0,0.0,286.7,262.0,750.7,492.4,568.7,502.8,583.1
63,1485.1,1037.0,1084.7,1239.9,254.4,742.8,366.5,497.3,352.3,542.2,595.0,501.8,362.1,1120.0,712.6,920.4,704.9,782.3,614.0,596.9,622.6,513.2,239.2,273.9,274.0,317.9,201.8,420.0,481.7,258.5,438.3,707.0,852.5,675.3,444.2,291.8,838.8,827.2,568.9,836.4,817.8,651.5,758.2,673.4,641.7,533.5,953.6,374.1,607.9,481.6,1119.1,379.0,341.7,908.4,1039.2,532.0,1105.8,725.1,760.0,524.6,701.0,623.3,286.7,0.0,219.1,973.7,663.1,739.4,673.5,780.0
64,1460.4,1015.3,1063.0,1215.2,260.8,726.0,341.8,472.6,327.6,517.5,570.3,477.1,337.4,1095.3,695.8,898.7,688.1,760.6,597.2,580.1,605.8,525.0,211.9,252.2,249.3,293.2,215.5,395.3,495.1,233.8,413.6,690.2,827.8,683.4,457.8,305.4,814.1,802.5,552.1,814.7,796.1,647.5,733.5,648.7,617.0,508.8,931.9,364.6,591.1,456.9,1097.4,362.2,348.1,886.7,1014.5,528.0,1081.1,708.3,735.3,499.9,676.3,598.6,262.0,219.1,0.0,886.8,605.7,682.0,616.1,719.2
65,1538.7,307.1,447.2,1293.5,842.4,995.8,781.0,684.2,772.5,612.4,546.5,658.2,616.5,581.2,1169.6,347.7,973.3,394.7,1078.1,1114.1,1064.7,919.7,774.4,754.7,814.5,702.0,951.3,625.8,823.8,720.6,643.6,1037.5,212.2,868.3,963.0,1025.9,348.9,369.9,1155.9,219.6,251.6,827.6,430.4,465.1,415.9,640.7,218.4,643.0,1155.2,546.1,423.4,1100.7,769.8,340.3,208.0,708.1,1159.4,1108.8,211.7,614.7,838.0,539.8,750.7,973.7,886.8,0.0,481.4,473.0,383.6,478.8
66,1674.1,676.2,723.9,1428.9,817.7,1131.2,426.8,332.3,461.4,227.2,214.6,591.4,751.9,777.1,1170.5,402.6,1108.7,189.2,1071.9,1054.8,1080.5,1024.9,728.3,440.5,565.2,609.1,772.4,671.3,959.2,623.5,779.0,1164.9,441.5,1003.7,955.9,803.5,356.3,241.1,1026.8,352.3,328.6,963.0,477.9,515.6,509.6,556.5,464.4,778.4,1065.8,679.8,758.3,836.9,876.3,547.6,648.9,843.5,1294.8,1183.0,423.5,614.2,973.4,430.5,492.4,663.1,605.7,481.4,0.0,365.6,193.6,446.8
67,1422.6,693.2,833.3,1177.4,726.3,879.7,485.6,369.3,520.3,311.3,224.4,391.3,500.4,669.7,1053.5,560.2,857.2,422.1,962.0,998.0,948.6,803.6,658.3,516.8,641.5,572.9,835.2,502.5,707.7,604.2,527.5,921.4,336.9,752.2,846.9,879.8,199.9,252.3,1039.8,349.5,457.6,711.5,282.7,263.0,258.1,310.7,550.1,526.9,1039.1,430.0,809.5,913.2,653.7,674.2,594.1,592.0,1043.3,992.7,316.1,373.7,721.9,209.7,568.7,739.4,682.0,473.0,365.6,0.0,318.3,203.9
68,1639.0,598.9,646.6,1393.8,828.1,1096.1,429.9,328.4,464.5,237.6,218.0,594.5,716.8,656.2,1180.9,356.3,1073.6,218.2,1082.3,1065.2,1090.9,1020.0,738.7,450.9,575.6,619.5,782.8,681.7,924.1,633.9,743.9,1137.8,330.9,968.6,966.3,813.9,312.0,205.9,1037.2,225.1,253.7,927.9,442.7,480.5,474.5,527.1,370.4,743.3,1076.2,646.4,681.0,847.3,870.1,470.3,555.8,808.4,1259.7,1193.4,302.6,590.1,938.3,423.8,502.8,673.5,616.1,383.6,193.6,318.3,0.0,392.3
69,1371.1,699.0,839.1,1125.9,674.8,828.2,526.2,409.9,532.1,351.9,265.0,373.5,448.9,617.2,1002.0,648.7,805.7,510.6,910.5,946.5,897.1,752.1,606.8,557.4,642.9,534.4,783.7,443.6,656.2,553.0,476.0,869.9,374.1,700.7,795.4,858.3,207.0,374.0,988.3,445.3,546.1,660.0,214.7,190.0,206.6,341.5,614.3,475.4,987.6,378.5,815.3,933.1,602.2,732.2,599.9,540.5,991.8,941.2,271.0,314.8,670.4,240.4,583.1,780.0,719.2,478.8,446.8,203.9,392.3,0.0
